Block1\t1, 15, 2, 16, 17, 3
Block2\t8, 7, 6, 5, 4, 9, 10, 22, 11, 20
Block3\t37, 40, 51, 53, 25, 67, 24, 23, 35, 36, 26, 54, 81, 21, 65, 55, 68
Block4\t42, 28, 14, 13, 56, 69, 27, 12, 70, 84, 83, 98, 41, 112
Block5\t63, 47, 48, 49, 34, 77, 62, 46, 50
Block6\t78, 66, 79, 97, 80, 82, 52, 95, 92, 38, 94, 96, 91, 39, 111, 64
Block7\t89, 75, 103, 90, 74, 60, 61, 76
Block8\t106, 105, 116, 186, 185, 31, 187, 117, 118, 159, 145, 58, 115, 131, 122, 121, 44, 104, 101, 107, 30, 32, 18, 171, 59, 93, 160, 73, 19, 87, 45, 172, 170, 123, 57, 88, 158, 43, 29, 72, 71, 86, 33, 119, 102
Block9\t127, 113, 99, 85, 141, 155, 169, 183, 114, 100, 142, 156, 184
Block10\t140, 137, 154, 110, 124, 126, 168, 164, 125, 165, 138, 182, 109, 150, 136, 166, 151, 108
Block11\t133, 134, 132, 120, 148
Block12\t152, 181, 180, 153, 163, 177, 149, 135, 194, 193, 192, 167, 139, 195, 179, 178, 196
Block13\t174, 190, 189, 161, 162, 175, 147, 188, 146, 173, 176, 191
Block14\t143, 129, 157, 130, 128, 144