Block1\t1,2,3,13,14,15,16,25,26,27,37,38,39,49,50,51,62,63,74,75,86,87
Block2\t4,5,6,7,8,17,18,19,28,29,30,31,32   
Block3\t9,10,11,12,20,21,22,23,24,33,34,35,36
Block4\t40,52,64,76,77,78,79,88,89,90,91,92,100,101,102,103,104
Block5\t41,53,65,66,67,68,80
Block6\t42,43,44,45,54,55,56,57,69,81,93,105
Block7\t46,47,48,58,59,60,71
Block8\t70,72,82,83,84,94,95,96,106,107,108,118
Block9\t61,73,85,97,98,99
Block10\t109,110,111,112,113,114,115,121,122,123,124,125,133,134,135,136,127
Block11\t116,117,128,129,137,138,139,140,141,126
Block12\t119,120,130,131,132,142,143,144
